1 2 2 3
9 11 11 12
5 8 10 13
4 9 10 10
1 8 8 13
9 13 13 13
6 6 13 13
11 11 11 11
7 7 8 10
1 6 6 7
1 10 11 11
1 1 6 11
1 4 13 13
9 10 10 11
3 4 10 11
6 10 10 12
3 10 10 11
1 4 4 13
8 10 10 10
1 1 8 13
2 4 12 13
5 9 11 12
5 5 6 12
5 11 11 11
5 11 12 13
7 10 11 12
9 9 10 12
5 7 7 7
1 2 7 13
2 10 12 12
6 6 11 11
4 7 7 9
4 7 7 10
7 7 8 9
1 10 11 13
6 7 9 11
1 1 1 7
6 7 8 13
6 9 11 11
8 11 11 12
5 10 10 10
7 7 10 10
4 4 13 13
1 5 11 13
1 7 7 7
6 8 12 13
6 7 10 11
2 2 8 11
5 8 9 9
4 11 12 12
11 11 13 13
1 7 11 13
5 6 6 11
2 6 13 13
7 9 9 10
1 4 12 13
4 6 8 11
1 7 7 8
2 7 7 9
2 7 9 9
3 10 12 13
9 9 9 11
1 1 6 7
2 2 5 13
1 6 9 11
5 9 10 12
2 7 11 11
6 10 13 13
1 6 7 8
7 10 10 10
7 10 13 13
7 8 9 9
2 4 9 11
8 10 10 11
1 2 10 10
1 4 11 11
6 10 11 11
2 6 11 11
1 8 9 9
1 6 7 7
1 9 10 11
7 7 7 13
1 9 9 13
9 10 10 10
2 10 10 10
4 5 5 12
4 4 9 9
10 11 13 13
13 13 13 13
5 11 11 13
1 1 3 3
1 9 13 13
1 3 5 5
1 7 10 11
5 8 13 13
1 1 10 11
2 2 8 13
5 12 13 13
8 8 10 11
1 9 10 10
5 12 12 13
1 1 6 10
5 8 10 10
5 11 11 12
8 8 13 13
1 1 1 1
1 6 7 13
5 7 8 11
6 11 11 11
1 8 9 10
4 9 9 13
7 7 9 13
4 4 9 13
9 9 9 10
6 6 7 8
5 10 11 13
1 2 9 10
8 11 13 13
2 6 9 13
3 7 10 12
7 7 9 12
1 1 1 4
1 6 10 10
1 5 12 13
7 11 11 13
9 12 12 13
7 9 12 13
6 7 7 13
1 2 8 12
1 1 1 2
1 6 13 13
1 2 9 9
6 7 7 8
4 6 11 13
1 8 13 13
1 8 10 10
4 6 6 13
4 9 12 13
1 8 12 13
3 4 7 13
1 1 7 7
7 7 7 8
1 1 5 10
7 7 8 8
9 10 11 11
1 1 5 11
3 4 8 8
5 9 13 13
9 9 10 11
1 7 11 11
2 7 11 13
1 1 5 13
5 10 12 12
1 1 2 5
1 3 11 13
7 7 8 13
6 8 8 13
1 1 9 11
5 9 9 10
5 5 5 7
2 2 2 2
6 6 6 7
5 7 9 9
3 4 9 10
4 11 11 12
1 11 11 11
5 5 9 13
1 4 11 12
8 9 9 9
3 3 13 13
4 4 10 11
4 6 6 11
3 7 8 10
5 8 11 11
3 6 8 11
10 10 11 11
7 8 11 11
1 1 6 13
8 10 11 13
3 8 11 13
7 11 12 12
2 5 9 13
6 10 11 13
8 8 9 9
8 9 13 13
3 10 10 10
4 6 10 13
1 9 12 13
5 5 6 10
7 12 13 13
1 1 7 8
1 7 8 13
4 11 11 13
1 1 1 10
6 6 7 7
1 1 8 11
1 1 1 9
1 4 11 13
1 13 13 13
3 7 11 13
5 5 7 12
1 10 10 13
5 7 11 12
3 11 12 13
10 10 10 10
1 4 9 9
4 11 13 13
3 11 11 13
8 11 11 11
7 8 10 12
6 6 10 10
10 10 10 11
1 4 7 10
6 6 9 9
3 4 13 13
3 8 10 13
8 10 10 13
8 8 10 10
5 7 7 12
1 3 3 13
1 1 5 9
1 5 13 13
7 11 11 11
7 13 13 13
9 9 11 11
6 7 9 13
3 5 5 13
7 9 9 12
2 5 9 9
6 7 7 7
5 5 5 13
3 3 5 11
6 11 11 13
4 6 9 11
5 9 11 11
5 10 11 12
2 8 11 13
1 1 10 10
2 5 7 12
3 6 10 13
1 7 11 12
3 11 11 11
4 10 10 13
1 1 9 12
5 6 6 13
4 4 5 9
2 10 13 13
4 4 7 11
7 7 7 7
6 7 13 13
6 7 7 9
5 8 8 11
4 9 13 13
1 3 10 13
1 4 8 10
5 6 7 11
6 8 10 10
10 11 11 11
5 7 7 13
7 9 10 13
2 5 13 13
2 7 13 13
7 7 10 12
1 1 4 11
7 8 13 13
2 4 11 13
8 11 11 13
1 8 11 11
5 8 8 12
5 5 6 13
8 9 10 10
4 10 13 13
1 1 9 9
3 5 5 5
4 9 9 9
7 7 7 10
1 10 13 13
4 5 5 11
2 9 11 12
4 6 7 11
5 13 13 13
5 7 12 13
6 11 13 13
2 7 7 7
1 5 5 7
3 3 10 10
4 4 4 13
8 9 10 11
7 7 9 11
2 5 5 5
1 2 5 11
2 5 5 6
1 1 9 10
5 5 9 12
4 10 10 10
1 3 7 11
6 9 10 10
4 11 11 11
1 1 7 13
1 1 7 12
7 7 10 11
7 10 10 13
4 4 6 7
5 5 10 12
2 6 7 7
1 9 9 11
5 5 6 9
6 6 10 11
7 7 11 11
3 3 3 13
3 10 11 11
1 5 5 8
6 9 9 9
9 10 10 12
3 13 13 13
8 9 9 10
2 2 9 13
4 4 6 6
2 2 7 11
1 1 1 5
3 3 5 8
1 1 1 6
2 2 2 6
2 3 10 11
8 13 13 13
6 13 13 13
5 5 5 10
1 5 7 7
7 7 7 11
1 7 10 10
3 6 7 11
6 9 9 13
5 8 9 10
3 10 12 12
4 6 7 13
3 3 4 10
6 6 6 13
4 4 11 11
7 8 9 11
5 5 7 9
2 2 7 9
1 1 2 2
4 7 7 12
1 2 8 11
1 1 5 12
7 8 8 8
3 5 8 10
3 5 7 7
8 12 12 13
5 5 5 11
1 2 2 2
8 8 11 11
3 10 10 13
2 9 9 9
4 12 13 13
6 10 10 11
5 5 7 13
1 4 10 13
2 9 12 12
8 8 8 8
5 7 7 8
3 10 13 13
4 9 11 13
6 9 13 13
1 6 11 11
1 9 9 10
9 9 10 10
2 9 9 10
1 1 7 11
7 10 11 11
7 11 13 13
8 12 13 13
3 4 6 7
3 3 11 11
6 7 8 8
3 4 11 11
2 5 11 13
2 3 3 4
2 5 11 11
3 8 8 13
9 10 13 13
2 2 9 9
4 5 9 11
4 8 10 13
4 10 11 11
1 10 10 10
9 9 9 13
7 9 9 11
2 7 9 12
3 3 7 10
4 7 10 13
7 12 12 12
1 1 4 13
1 7 7 13
3 3 10 12
8 8 9 10
2 7 8 10
2 3 9 11
8 9 9 13
7 9 11 13
6 7 9 10
1 1 8 9
8 11 12 13
5 7 8 12
5 7 8 13
4 4 9 10
3 11 13 13
5 11 13 13
9 12 13 13
7 7 9 9
4 5 5 13
9 9 13 13
3 5 11 13
3 3 10 11
8 8 8 9
5 5 5 8
2 2 10 12
7 11 12 13
6 9 10 13
1 6 10 11
6 7 7 12
8 9 9 11
9 11 11 13
4 9 9 11
4 12 12 13
1 1 8 12
7 9 9 9
8 10 11 12
1 1 7 9
3 3 8 11
6 6 7 13
2 4 7 13
7 7 8 12
5 8 12 13
5 6 8 11
7 11 11 12
2 7 10 13
1 1 8 10
3 5 9 11
1 1 2 3
1 1 1 3
5 12 12 12
5 6 7 10
1 10 10 11
1 9 9 9
5 9 9 9
10 10 13 13
5 9 9 13
7 7 13 13
3 5 5 10
9 9 9 9
4 13 13 13
1 1 2 4
7 7 7 9
4 7 7 13
7 9 10 10
8 12 12 12
3 7 7 11
